"Year" "Jan" "Feb" "Mar" "Apr" "May" "Jun" "Jul" "Aug" "Sep" "Oct" "Nov" "Dec"
1880 -0.73 -0.33 -0.4 -0.58 -0.28 -0.4 -0.4 0.15 -0.41 -0.59 -0.43 -0.45
1881 -0.72 -0.54 -0.29 -0.17 0.06 -1.02 -0.45 -0.17 -0.26 -0.4 -0.45 -0.06
1882 0.18 -0.05 -0.02 -0.53 -0.32 -0.96 -0.65 -0.04 -0.01 -0.24 -0.33 -0.61
1883 -0.62 -0.88 -0.39 -0.25 -0.29 0.52 0.05 -0.08 -0.38 -0.48 -0.62 -0.32
1884 -0.53 -0.27 -0.33 -0.86 -1.12 -0.75 -0.78 0.23 -0.29 -0.69 -0.74 -0.92
1885 -0.86 -0.73 -0.85 -0.8 -0.43 -0.87 -0.56 -0.09 -0.08 0.04 -0.31 0.08
1886 -0.7 -0.76 -0.62 -0.56 -0.48 -0.75 -0.33 -0.66 -0.36 -0.79 -0.43 -0.69
1887 -0.81 -1.21 -0.53 -0.78 -0.8 -0.61 -0.35 -0.18 -0.55 -0.49 -0.85 -0.59
1888 -0.71 -0.78 -0.87 -0.27 -0.73 -0.51 -0.32 -0.3 -0.37 -0.25 -0.04 -0.15
1889 -0.26 0.2 0.1 0.17 0.14 -0.27 -0.37 -0.56 -0.34 -0.15 -0.4 -0.37
1890 -0.57 -0.59 -0.57 -0.47 -0.87 -0.54 -0.52 -0.53 -0.29 -0.23 -0.74 -0.5
1891 -0.91 -1.01 -0.48 -0.62 -0.45 -0.53 -0.67 -0.54 -0.44 -0.5 -0.48 0.08
1892 -0.61 -0.29 -0.57 -0.68 -0.62 -0.52 -0.36 -0.23 -0.45 -0.32 -0.6 -0.59
1893 -1.41 -0.99 -0.58 -0.64 -0.71 -0.64 -0.09 -0.31 -0.21 -0.04 -0.1 -0.35
1894 -0.75 -0.6 -0.39 -0.62 -0.64 -0.46 -0.37 -0.3 -0.39 -0.06 -0.13 -0.15
1895 -0.67 -0.75 -0.48 -0.43 -0.28 -0.26 -0.5 -0.16 -0.11 -0.07 -0.14 -0.07
1896 -0.21 -0.27 -0.5 -0.44 -0.4 -0.43 -0.17 -0.34 -0.07 0.01 -0.41 -0.18
1897 -0.23 -0.46 -0.27 -0.09 -0.23 -0.15 -0.08 -0.28 -0.11 -0.18 0.02 -0.2
1898 -0.11 -0.43 -0.79 -0.56 -0.62 -0.28 -0.33 -0.2 0.02 -0.37 -0.47 -0.19
1899 -0.41 -0.58 -0.35 -0.22 -0.39 -0.52 -0.28 -0.26 0.01 -0.26 0 -0.19
1900 -0.52 -0.04 -0.17 -0.15 -0.16 -0.09 -0.33 -0.15 -0.06 0.17 -0.13 -0.07
1901 -0.22 -0.1 -0.12 -0.06 -0.18 0.04 -0.23 -0.17 0.06 -0.15 -0.13 -0.21
1902 -0.3 -0.03 -0.18 -0.2 -0.31 -0.33 -0.42 -0.49 -0.39 -0.42 -0.48 -0.54
1903 -0.33 -0.13 -0.16 -0.56 -0.45 -0.63 -0.29 -0.4 -0.37 -0.45 -0.44 -0.59
1904 -0.78 -0.74 -0.55 -0.42 -0.62 -0.47 -0.59 -0.47 -0.41 -0.5 -0.24 -0.4
1905 -0.41 -0.96 -0.21 -0.31 -0.33 -0.29 -0.42 -0.25 -0.2 -0.36 -0.07 -0.25
1906 -0.15 -0.3 -0.32 0.06 -0.18 -0.21 -0.19 -0.15 -0.29 -0.17 -0.52 -0.25
1907 -0.48 -0.65 -0.46 -0.59 -0.58 -0.65 -0.41 -0.52 -0.37 -0.31 -0.57 -0.64
1908 -0.36 -0.3 -0.49 -0.44 -0.31 -0.41 -0.37 -0.36 -0.14 -0.37 -0.56 -0.38
1909 -0.76 -0.56 -0.47 -0.59 -0.57 -0.4 -0.32 -0.07 -0.15 -0.14 -0.11 -0.53
1910 -0.43 -0.36 -0.43 -0.26 -0.22 -0.31 -0.2 -0.1 -0.07 -0.27 -0.51 -0.63
1911 -0.65 -0.64 -0.6 -0.51 -0.37 -0.36 -0.14 -0.23 -0.24 -0.16 -0.12 -0.23
1912 -0.16 -0.1 -0.41 -0.28 -0.18 -0.24 -0.48 -0.61 -0.34 -0.45 -0.4 -0.32
1913 -0.44 -0.49 -0.57 -0.29 -0.62 -0.6 -0.21 -0.19 -0.19 -0.28 -0.13 0.07
1914 0.16 -0.03 -0.04 -0.19 -0.02 -0.1 -0.22 -0.07 -0.06 0.14 -0.31 -0.2
1915 -0.16 0.07 -0.09 -0.01 -0.21 -0.21 0.03 -0.19 -0.01 -0.09 0.05 -0.1
1916 -0.06 -0.1 -0.44 -0.28 -0.34 -0.49 -0.36 -0.1 -0.17 -0.14 -0.36 -0.8
1917 -0.52 -0.74 -0.79 -0.53 -0.8 -0.46 0 -0.38 -0.31 -0.49 -0.32 -0.94
1918 -0.62 -0.58 -0.48 -0.55 -0.77 -0.43 -0.48 -0.46 -0.16 0.03 -0.24 -0.34
1919 -0.28 -0.23 -0.1 -0.12 -0.15 -0.16 -0.07 -0.07 -0.18 -0.05 -0.42 -0.28
1920 -0.1 -0.27 -0.16 -0.2 -0.31 -0.37 -0.2 -0.14 -0.15 -0.43 -0.33 -0.47
1921 -0.01 -0.15 -0.11 -0.18 -0.18 -0.09 0.01 -0.46 -0.13 -0.09 -0.27 -0.18
1922 -0.4 -0.46 -0.32 -0.11 -0.37 -0.32 -0.04 -0.24 -0.13 -0.25 -0.11 -0.15
1923 -0.25 -0.21 -0.23 -0.47 -0.32 -0.27 -0.49 -0.36 -0.29 -0.08 -0.02 -0.08
1924 -0.28 -0.42 -0.13 -0.5 -0.27 -0.16 -0.14 -0.16 -0.05 -0.13 -0.06 -0.28
1925 -0.42 -0.35 -0.27 -0.15 -0.33 -0.4 -0.41 -0.08 -0.29 -0.34 -0.01 0.19
1926 0.26 0.28 0.21 -0.11 -0.36 -0.21 -0.16 0.03 0.02 -0.11 0.04 -0.24
1927 -0.18 -0.18 -0.38 -0.34 -0.29 -0.26 -0.04 -0.25 -0.11 0.14 0.12 -0.24
1928 0.06 -0.01 -0.1 -0.07 -0.39 -0.56 -0.06 -0.03 0.02 -0.04 0.09 -0.04
1929 -0.28 -0.51 -0.36 -0.43 -0.41 -0.44 -0.37 -0.36 -0.19 0.02 -0.03 -0.59
1930 -0.22 -0.2 -0.05 -0.22 -0.16 -0.22 -0.2 -0.17 -0.12 -0.27 0.11 -0.07
1931 -0.15 -0.29 -0.05 -0.3 -0.18 -0.09 0.06 0.08 -0.17 0.04 -0.17 0.05
1932 0.33 -0.29 -0.22 0.05 -0.2 -0.47 -0.24 -0.2 0.04 0.07 -0.11 -0.16
1933 -0.38 -0.29 -0.27 -0.21 -0.14 -0.28 -0.14 -0.19 -0.11 -0.09 -0.37 -0.56
1934 -0.16 -0.13 -0.37 -0.36 -0.01 -0.19 -0.01 0.05 -0.09 -0.07 0.03 0.06
1935 -0.34 0.21 0.01 -0.51 -0.37 -0.24 -0.3 -0.26 -0.41 -0.08 -0.33 -0.2
1936 -0.3 -0.45 -0.18 -0.05 -0.3 -0.19 0.19 -0.02 -0.03 -0.01 0.01 0.08
1937 -0.13 0.04 -0.22 -0.21 -0.04 -0.07 -0.15 0.03 0.22 0.19 0.27 -0.1
1938 -0.02 -0.02 0.18 0.26 0.07 -0.14 0 -0.09 0.09 0.29 0.1 -0.13
1939 -0.04 -0.19 -0.38 -0.18 -0.03 -0.11 -0.14 -0.27 -0.15 -0.1 -0.18 0.32
1940 -0.22 0.05 0.09 0 0.04 0.15 0.19 0.07 0.18 0.04 0.05 0.22
1941 0.02 0.2 -0.12 0 0.09 0.11 0.24 0.02 -0.21 0.08 -0.07 0.01
1942 0.2 -0.02 -0.02 -0.02 0.01 0.06 0.04 0.09 0.06 0 0.12 0.04
1943 -0.22 0.02 -0.17 -0.02 -0.11 -0.13 0.08 -0.18 0.04 0.27 0.07 0.19
1944 0.31 0.12 0.09 -0.07 -0.07 -0.07 0.03 0.05 0.21 0.2 0 -0.21
1945 0 -0.15 -0.02 0.11 -0.27 -0.32 -0.23 0.18 0.04 0.03 -0.08 -0.37
1946 0 -0.06 -0.17 0.03 0 -0.18 0.04 -0.04 0 -0.15 -0.08 -0.32
1947 -0.14 0.03 0.17 0.11 -0.02 0.01 -0.04 -0.01 0.01 0.22 0.21 -0.19
1948 0.19 -0.17 -0.28 -0.12 0.03 0.05 -0.16 -0.18 0.01 -0.03 -0.17 -0.2
1949 0.03 -0.36 -0.07 -0.25 -0.13 -0.16 -0.09 -0.11 -0.05 0.02 -0.04 -0.16
1950 -0.3 -0.31 -0.05 -0.22 -0.2 -0.09 -0.12 -0.33 -0.18 -0.21 -0.4 -0.17
1951 -0.38 -0.47 -0.16 -0.04 0.05 -0.06 -0.06 0.08 0.07 0 -0.03 0.13
1952 0.08 0.09 -0.19 -0.08 -0.13 -0.11 0.03 0.08 0.12 -0.03 -0.21 -0.04
1953 0.09 0.05 0.14 0.09 -0.04 0 -0.05 0.09 0.06 0.03 -0.01 0.13
1954 -0.33 -0.1 -0.12 -0.16 -0.2 -0.21 -0.27 -0.18 -0.18 -0.01 0.16 -0.13
1955 0.21 -0.11 -0.4 -0.19 -0.19 -0.19 -0.18 0.09 -0.12 0 -0.26 -0.32
1956 -0.25 -0.33 -0.34 -0.26 -0.31 -0.11 -0.13 -0.33 -0.15 -0.25 -0.24 -0.2
1957 -0.15 -0.06 -0.09 -0.01 -0.01 0.13 -0.13 0.13 0.09 0 0.13 0.2
1958 0.41 0.24 0.18 0.08 0.11 -0.18 0.07 -0.1 -0.07 0.09 0.08 -0.07
1959 0.03 0.09 0.23 0.18 -0.01 0.07 0.1 0 -0.13 -0.1 -0.09 0.09
1960 0.07 0.26 -0.46 -0.21 -0.14 -0.02 -0.11 0.07 0.08 0.12 -0.11 0.17
1961 0.08 0.22 0.03 0.13 0.17 0.12 0 0.07 0.16 0.09 0.08 -0.14
1962 0.08 0.16 0.11 0.05 -0.11 0.05 -0.13 -0.08 0.01 0.02 0.1 0.01
1963 -0.01 0.24 -0.23 -0.19 -0.13 0.03 0.06 0.18 0.22 0.1 0.05 -0.05
1964 -0.07 -0.17 -0.28 -0.36 -0.33 -0.13 -0.08 -0.29 -0.37 -0.35 -0.21 -0.34
1965 -0.06 -0.18 -0.12 -0.28 -0.16 -0.15 -0.26 -0.08 -0.27 -0.09 -0.13 -0.19
1966 -0.22 -0.03 0.14 -0.09 -0.1 -0.04 0.11 -0.1 -0.03 -0.26 -0.05 -0.08
1967 -0.08 -0.26 0.01 -0.09 0.17 -0.13 0.06 0.03 0 0.12 0.01 0
1968 -0.21 -0.16 0.32 -0.09 -0.18 -0.11 -0.13 -0.08 -0.27 0.06 -0.06 -0.21
1969 -0.16 -0.26 -0.1 0.11 0.16 0.04 -0.02 -0.09 0.01 0.08 0.08 0.34
1970 0.04 0.27 0.1 0.12 -0.04 0.12 0.09 -0.07 0.16 0.11 0.04 -0.1
1971 -0.01 -0.12 -0.19 -0.03 -0.05 -0.19 -0.08 0.04 0.03 -0.01 -0.1 -0.04
1972 -0.28 -0.3 -0.06 -0.04 -0.01 0.09 0.07 0.21 0.06 -0.02 -0.04 0.15
1973 0.26 0.33 0.37 0.35 0.35 0.29 0.21 0.07 0.12 0.2 0.1 -0.01
1974 -0.05 -0.23 0 -0.07 0.03 0.02 -0.02 0.13 -0.14 -0.07 -0.07 -0.03
1975 0.07 0.1 0.14 0.05 0.27 0.05 0.08 -0.25 -0.02 -0.03 -0.05 -0.21
1976 0 -0.06 -0.3 -0.22 -0.23 -0.17 -0.16 -0.23 -0.15 -0.36 -0.16 -0.02
1977 0.14 0.23 0.32 0.32 0.3 0.33 0.31 0.29 -0.08 0 0.25 0.15
1978 0.14 0.2 0.28 0.27 0.21 0.04 0.2 -0.14 0.15 0.04 0.15 0.12
1979 0.18 -0.1 0.26 0.2 0.1 0.21 0.05 0.14 0.3 0.28 0.31 0.53
1980 0.36 0.46 0.42 0.45 0.47 0.23 0.38 0.32 0.33 0.24 0.3 0.19
1981 0.63 0.58 0.67 0.51 0.34 0.39 0.52 0.55 0.29 0.12 0.23 0.48
1982 0.13 0.25 0 0.04 0.26 0.05 0.19 0.09 0.1 0.02 0.13 0.42
1983 0.49 0.41 0.48 0.41 0.5 0.29 0.21 0.47 0.56 0.34 0.33 0.18
1984 0.24 0.16 0.38 0.16 0.47 0.05 0.19 0.28 0.28 0.22 0.11 0.03
1985 0.32 0.02 0.27 0.2 0.22 0.27 0.03 0.35 0.26 0.13 0.09 0.14
1986 0.39 0.53 0.39 0.44 0.34 0.13 0.15 0.22 0.04 0.13 0.13 0.22
1987 0.45 0.55 0.26 0.39 0.31 0.57 0.61 0.28 0.38 0.36 0.31 0.58
1988 0.68 0.5 0.63 0.51 0.63 0.61 0.46 0.58 0.56 0.56 0.2 0.39
1989 0.26 0.46 0.45 0.43 0.19 0.16 0.49 0.53 0.55 0.44 0.23 0.41
1990 0.53 0.42 0.86 0.65 0.56 0.47 0.62 0.43 0.31 0.52 0.55 0.48
1991 0.5 0.63 0.49 0.73 0.43 0.71 0.63 0.57 0.64 0.36 0.34 0.34
1992 0.51 0.43 0.54 0.24 0.28 0.32 0.09 0.14 -0.02 0.1 0.04 0.26
1993 0.41 0.42 0.34 0.31 0.29 0.29 0.4 0.23 0.11 0.25 0.09 0.19
1994 0.4 0.09 0.27 0.54 0.29 0.59 0.42 0.27 0.41 0.42 0.52 0.44
1995 0.57 0.9 0.52 0.59 0.38 0.5 0.64 0.58 0.47 0.67 0.54 0.4
1996 0.42 0.61 0.46 0.51 0.35 0.33 0.59 0.77 0.43 0.34 0.52 0.54
1997 0.49 0.56 0.67 0.4 0.43 0.68 0.34 0.46 0.51 0.61 0.73 0.71
1998 0.74 1.21 0.85 0.83 0.94 1.04 0.93 0.86 0.59 0.69 0.66 0.79
1999 0.68 0.86 0.49 0.4 0.49 0.63 0.63 0.55 0.66 0.63 0.58 0.51
2000 0.31 0.78 0.7 0.75 0.57 0.7 0.63 0.62 0.58 0.36 0.49 0.49
2001 0.59 0.62 0.68 0.6 0.73 0.66 0.72 0.64 0.71 0.63 0.8 0.74
2002 0.98 0.9 1.13 0.8 0.88 0.65 0.84 0.69 0.83 0.64 0.71 0.55
2003 0.93 0.75 0.73 0.68 0.86 0.64 0.65 0.85 0.83 0.86 0.66 0.88
2004 0.74 0.94 0.84 0.77 0.46 0.66 0.23 0.59 0.58 0.81 0.88 0.69
2005 0.97 0.87 0.93 0.83 0.75 0.83 0.79 0.74 0.98 1 0.89 0.9
2006 0.77 0.91 0.8 0.7 0.51 0.77 0.65 0.83 0.73 0.83 0.85 0.89
2007 1.22 0.94 0.91 0.94 0.95 0.67 0.78 0.84 0.81 0.8 0.73 0.71
2008 0.48 0.45 0.9 0.67 0.56 0.51 0.74 0.41 0.82 0.73 0.81 0.73
2009 0.76 0.75 0.66 0.73 0.84 0.81 0.87 0.86 0.89 0.72 0.84 0.77
2010 0.97 1.05 1.13 1 0.97 0.85 0.74 0.83 0.85 0.95 1.01 0.7
2011 0.72 0.69 0.76 0.82 0.65 0.73 0.89 0.95 0.77 0.83 0.78 0.8
2012 0.61 0.58 0.7 0.8 0.94 0.72 0.57 0.85 0.88 0.92 0.93 0.72
2013 0.97 0.74 0.84 0.67 0.66 0.88 0.66 0.78 1 0.85 0.89 0.83
2014 0.94 0.65 0.77 0.88 1.04 0.77 0.71 0.84 1.09 1.01 0.8 0.97
2015 0.94 1.07 1.1 0.77 0.84 0.85 0.69 0.88 0.8 1.19 1.18 1.39
2016 1.35 1.65 1.63 1.36 1.15 0.89 0.97 1.3 1.1 1.21 1.19 1.12
2017 1.13 1.42 1.36 1.17 1.24 0.79 1.07 1.11 0.98 1.17 1.04 1.13
2018 1.04 1.12 1.22 1.21 1.01 0.89 1.06 0.97 NA NA NA NA
